33.99568
34.181328
34.66427
35.266388
35.85729
37.315327
39.405712
41.058285
41.65753
42.170097
43.02748
44.51392
48.17023
56.171005
64.30081
67.84259
65.44321
59.582157
54.25029
53.21976
54.129242
55.335236
56.960655
59.16341
65.14396
73.562096
83.11241
91.7274
100.1351
105.967415
108.21635
106.68454
102.25152
96.07629
89.52826
84.002426
80.406204
78.88773
79.31617
82.37564
86.64678
89.61736
89.343666
85.355316
81.01775
80.07965
83.965355
92.31809
101.96055
110.44122
116.57828
121.7093
127.46976
135.1786
142.39046
149.30096
155.95213
164.39543
177.22383
189.19211
193.91832
191.13205
183.93364
175.6201
169.08379
165.88165
164.12952
160.74265
154.01303
144.51869
134.84052
127.630165
122.09093
114.44334
107.23773
103.83273
104.922035
108.828354
113.551155
117.18718
122.28305
128.32732
132.25874
131.70576
125.53495
116.065475
107.16224
101.82339
101.26885
102.99873
104.018005
103.70642
103.779724
106.21132
113.0028
124.0911
137.39087
148.92386
155.32199
157.60435
157.56583
158.48338
162.36752
166.78928
172.4189
179.27313
187.33347
197.52625
206.91457
213.89618
214.48793
211.73851
211.43434
217.33844
227.41077
240.64906
254.47717
268.2845
281.58224
291.64755
295.4158
293.20416
287.0706
278.8699
270.6294
263.92575
258.75336
254.01811
248.73987
245.7297
244.31134
243.40518
240.78793
233.78761
224.78177
216.84921
213.09784
211.82172
209.23138
201.60062
189.5918
176.53204
166.67357
161.54762
155.06656
146.77628
138.52223
131.05225
123.66846
118.10447
116.02597
119.42124
128.05505
137.6809
144.29276
148.25305
150.87914
153.49533
157.34193
162.50848
168.80649
175.61984
181.67073
185.2815
186.91682
187.44344
188.67485
190.43964
189.1616
182.02869
171.87509
161.46239
152.50922
145.5681
139.11456
134.09552
132.47346
133.39702
132.8794
131.66074
131.05498
131.85464
133.67427
135.03601
134.7887
133.57349
132.86674
134.29271
139.6232
150.38892
164.11841
176.53622
185.51878
192.30801
196.8636
199.39728
197.90662
191.67102
183.59206
176.74382
172.5112
170.21884
168.01355
164.30232
159.1552
153.76846
149.8261
148.6812
150.63649
153.49893
154.80469
153.92007
152.13916
151.49448
153.56844
156.6464
159.11246
160.03879
159.07478
157.43065
154.05916
147.4831
138.05981
128.6392
121.87964
120.07493
122.784805
128.70311
136.65178
145.53731
156.17465
168.08653
179.68666
190.55267
201.66011
213.23958
224.45602
234.09953
240.79976
244.56523
245.75665
243.05026
236.32466
227.9647
221.60161
219.23514
220.09964
219.10518
214.2791
207.25432
201.10242
196.99542
194.7231
189.51848
184.31702
181.6669
183.26474
188.0173
193.9091
198.52863
206.05334
215.55858
224.46391
228.56438
224.28848
215.30965
208.39972
206.74577
207.84833
209.87262
210.8846
213.53653
220.2075
228.36998
234.67366
239.6804
242.74355
242.99847
239.78198
231.46005
220.83554
210.7312
204.22127
201.00043
200.48048
201.44186
201.4607
199.22472
195.43007
191.07127
185.68448
180.10695
174.48859
170.08003
166.62344
163.79753
159.64125
153.87363
146.13127
139.71425
137.05983
140.92963
150.66873
163.17274
173.49074
183.00659
190.59032
197.53316
202.75154
208.78049
213.69781
217.80815
219.86046
222.31369
224.49808
227.91736
228.38579
224.73788
223.02188
226.5881
233.65002
240.38246
247.86488
254.72197
265.61078
276.25418
283.5138
284.4012
281.83557
278.22418
276.63046
275.8343
274.2519
273.03412
273.7182
273.4916
271.64026
265.7517
258.18307
252.57838
249.29013
241.95789
231.24738
216.60541
203.96579
194.22522
189.97128
188.95154
186.83316
182.60376
174.10718
165.54813
159.99498
160.96404
164.37976
168.1018
169.43454
167.22765
161.55565
155.97963
153.55179
154.18253
155.78229
157.87982
159.5976
161.19148
162.11905
162.13333
160.68112
157.78485
154.19461
151.53688
151.12619
154.89842
159.9564
164.77402
171.32202
182.2013
196.23094
208.47385
217.28766
221.40889
226.58691
234.06299
245.78023
257.05896
265.54883
269.59497
274.35928
278.0131
279.55917
276.01132
267.11932
255.62329
246.09863
235.97519
226.59903
217.06924
209.49101
200.58563
